2
2
3
6
6
9
10
15
17
18
23
25
26
26
27
27
32
35
35
36
41
43
44
49
51
52
57
59
60
65
67
72
75
73
78
81
86
88
89
94
96
97
102
104
105
110
112
113
118
120
121
126
128
129
134
136
137
142
144
145
150
152
153
158
160
161
166
168
169
174
176
177
182
184
185
190
192
193
198
200
201
206
208
209
214
216
217
222
224
225
230
232
233
234
235
236
237
237
238
238
239
239
240
240
241
241
242
242
243
244
245
245
245
245
245
245
245
245
246
246
247
252
255
258
261
264
267
269
270
275
277
278
285
287
288
295
297
298
305
307
308
315
317
318
325
327
336
339
337
338
338
345
348
355
357
358
365
367
368
375
377
378
385
387
388
388
389
389
390
390
391
396
399
402
404
409
412
417
421
425
425
426
431
433
431
431
432
430
430
431
427
427
426
423
422
421
420
419
420
420
419
418
417
416
415
414
414
414
412
412
413
412
412
413
412
412
413
412
412
413
412
412
413
412
412
413
413
413
412
412
412
412
412
412
412
412
411
411
410
410
409
409
408
408
407
407
406
406
405
405
404
404
403
403
402
402
401
401
400
400
399
399
397
397
396
396
395
395
396
395
395
396
395
395
396
397
399
400
401
403
404
405
405
406
408
409
410
412
413
414
416
417
419
421
423
423
424
426
427
427
429
430
432
432
434
435
435
437
438
438
440
440
440
440
441
439
441
442
441
440
441
440
441
442
442
442
442
442
441
441
442
442
442
441
441
441
441
441
440
440
440
440
440
440
440
440
440
440
440
440
439
439
439
438
438
438
438
438
440
439
439
438
438
440
439
439
441
440
440
439
441
442
441
441
443
443
445
446
444
446
447
446
448
449
451
451
450
452
451
451
453
453
453
455
455
455
457
457
457
459
459
459
461
461
461
461
461
461
461
461
461
461
461
461
460
460
459
459
458
458
457
457
456
456
455
455
454
454
453
453
451
451
450
450
449
449
448
448
447
447
446
446
445
445
444
444
443
443
442
442
443
443
444
442
443
443
444
444
445
445
446
446
447
447
448
448
449
450
450
451
451
450
450
450
450
450
450
450
450
450
450
450
450
450
450
450
449
449
450
449
449
450
448
448
449
449
448
447
449
448
448
448
447
447
445
445
446
444
446
447
445
445
446
445
445
446
445
445
446
445
445
446
444
444
445
444
444
445
444
444
443
443
444
443
443
444
443
443
444
443
443
444
443
443
444
443
443
443
443
443
443
443
443
443
443
443
445
445
445
447
447
447
449
449
449
451
451
451
453
453
453
455
455
455
457
457
457
459
459
459
461
461
461
463
463
463
465
465
467
468
467
469
470
469
471
472
471
473
474
473
475
476
475
477
478
477
479
480
479
481
482
481
483
484
483
483
482
482
481
481
480
480
479
479
478
478
477
477
476
476
477
477
478
476
477
477
478
478
479
479
480
480
481
481
482
482
483
483
484
484
483
483
483
484
484
484
484
484
484
482
482
480
480
481
481
479
479
477
477
477
477
475
475
473
473
471
471
469
469
469
468
468
470
469
469
471
470
470
472
471
471
473
474
476
477
479
478
479
479
479
479
479
479
480
479
478
478
478
478
478
478
479
478
478
479
478
478
479
479
478
478
478
478
476
476
477
477
477
476
476
476
476
476
476
476
476
475
475
475
475
475
475
475
475
475
475
475
475
475
475
475
475
475
475
475
475
475
475
475
475
475
475
475
475
475
475
475
475
475
475
475
475
475
475
475
475
475
477
477
477
479
479
479
481
481
481
483
483
483
485
485
485
487
487
487
489
489
489
491
491
491
493
493
493
492
492
491
491
490
490
491
491
492
490
491
491
492
492
493
493
494
494
495
495
496
496
497
497
497
498
497
498
500
500
500
500
500
500
500
500
500
500
500
499
499
499
498
498
498
497
497
497
496
496
497
496
496
497
497
497
498
498
498
499
499
499
499
499
499
499
499
499
499
499
499
499
499
499
499
499
499
499
499
499
499
499
499
498
498
498
498
498
498
498
498
498
498
498
498
498
498
499
498
498
499
498
498
499
498
498
499
499
498
498
497
497
497
497
497
497
497
497
496
495
494
493
492
491
490
489
488
488
488
489
488
488
489
487
487
488
487
487
488
487
489
490
492
493
493
495
495
497
497
496
495
495
494
494
493
493
492
492
491
491
490
490
489
489
488
488
487
487
486
486
485
485
484
484
483
483
482
482
480
480
480
480
480
480
480
480
480
479
479
479
479
479
479
481
481
481
483
483
483
485
485
485
487
487
487
489
489
490
490
491
492
492
493
493
495
494
494
493
493
493
495
495
495
495
495
495
495
495
495
494
494
494
494
494
494
494
494
494
494
494
494
494
494
494
494
494
493
493
493
493
493
493
492
492
491
491
492
492
492
491
490
490
491
489
489
490
489
491
492
490
492
493
491
491
493
492
492
494
493
493
495
494
494
496
495
495
497
497
497
499
498
498
500
500
500
502
502
502
504
504
504
506
506
506
508
508
508
510
510
510
512
512
512
511
511
510
509
508
507
508
506
506
505
505
504
504
503
503
502
502
501
501
500
500
499
499
498
498
497
497
496
496
495
495
494
494
493
493
492
492
491
491
491
491
491
491
491
491
491
491
491
491
491
491
491
491
491
493
493
493
495
495
495
495
495
495
497
499
499
499
501
501
502
503
503
503
505
505
505
507
507
507
509
509
509
511
511
511
513
513
511
511
512
512
512
512
512
512
512
512
512
512
512
512
512
512
512
512
512
512
512
512
512
512
514
514
514
514
514
514
516
516
516
518
518
518
520
520
520
522
522
522
524
524
524
526
526
528
529
528
530
531
530
532
533
532
534
535
534
536
537
536
538
539
537
539
540
538
540
541
543
542
541
541
540
540
540
539
539
539
538
538
538
538
538
538
538
538
537
537
538
537
537
538
537